1;3;50;0
4;2;50;0
5;2;4;0
1;6;1;0
1;7;3;0
8;2;2;0
9;2;1;0
1;10;3;0
11;2;2;0
1;13;2;0
14;2;7;0
1;16;7;0
17;2;14;0
1;18;11;0
1;19;3;0
20;2;3;0
21;2;3;0
1;22;6;0
23;2;5;0
1;24;2;0
1;25;3;0
26;2;2;0
27;2;2;0
1;28;4;0
29;2;7;0
1;30;2;0
1;31;5;0
32;2;4;0
33;2;5;0
1;34;9;0
35;2;4;0
36;2;1;0
1;37;5;0
38;2;7;0
1;39;5;0
1;40;2;0
41;2;5;0
42;2;1;0
1;43;6;0
44;2;5;0
1;46;5;0
47;2;6;0
1;48;4;0
1;49;2;0
50;2;2;0
51;2;13;0
1;52;15;0
53;2;4;0
1;54;3;0
1;55;1;0
56;2;6;0
1;57;4;0
1;58;2;0
59;2;2;0
60;2;2;0
1;61;4;0
62;2;4;0
1;64;4;0
65;2;5;0
66;2;6;0
1;67;11;0
68;2;5;0
1;69;1;0
1;70;4;0
71;2;3;0
1;72;1;0
1;73;2;0
74;2;7;0
1;75;1;0
1;76;6;0
77;2;5;0
1;78;1;0
1;79;4;0
80;2;4;0
81;2;3;0
1;82;7;0
87;2;6;0
1;88;6;0
89;2;6;0
1;90;3;0
1;91;3;0
92;2;6;0
1;93;1;0
1;94;5;0
95;2;2;0
96;2;3;0
1;97;5;0
98;2;2;0
99;2;3;0
1;100;5;0
101;2;6;0
1;102;1;0
1;103;5;0
104;2;5;0
1;105;1;0
1;106;4;0
107;2;7;0
1;108;3;0
1;109;4;0
110;2;4;0
111;2;1;0
1;112;5;0
113;2;5;0
1;115;5;0
116;2;7;0
1;118;7;0
119;2;7;0
1;120;6;0
1;121;1;0
122;2;3;0
123;2;3;0
1;124;6;0
125;2;4;0
1;126;1;0
1;127;3;0
128;2;2;0
1;129;1;0
1;130;1;0
131;2;2;0
132;2;1;0
1;133;3;0
134;2;6;0
1;135;2;0
1;136;4;0
137;2;6;0
1;138;2;0
1;139;4;0
140;2;5;0
1;141;1;0
1;142;4;0
143;2;13;0
1;144;5;0
1;145;8;0
146;2;2;0
1;148;2;0
149;2;3;0
150;2;3;0
1;151;6;0
152;2;4;0
153;2;2;0
1;154;6;0
156;2;1;0
1;157;1;0
158;2;2;0
159;2;3;0
1;160;5;0
161;2;6;0
162;2;1;0
1;163;7;0
164;2;5;0
165;2;4;0
1;166;9;0
167;2;6;0
1;169;6;0
170;2;3;0
171;2;2;0
1;172;5;0
173;2;3;0
174;2;4;0
1;175;7;0
176;2;4;0
1;178;4;0
180;2;3;0
1;181;3;0
182;2;6;0
1;183;6;0
185;2;6;0
1;186;3;0
1;187;3;0
188;2;3;0
1;190;3;0
191;2;6;0
1;192;4;0
1;193;2;0
195;2;3;0
1;196;3;0
197;2;6;0
1;198;1;0
1;199;5;0
200;2;4;0
201;2;2;0
1;202;6;0
203;2;6;0
1;205;6;0
206;2;4;0
1;207;1;0
1;208;3;0
209;2;6;0
1;210;2;0
1;211;4;0
212;2;6;0
1;213;3;0
1;214;3;0
215;2;6;0
1;216;2;0
1;217;4;0
218;2;3;0
219;2;5;0
1;220;8;0
221;2;7;0
1;222;2;0
1;223;5;0
224;2;2;0
1;225;2;0
227;2;3;0
1;229;3;0
231;2;17;0
1;232;17;0
233;2;7;0
1;234;3;0
1;235;4;0
236;2;6;0
1;237;3;0
1;238;3;0
239;2;2;0
1;241;2;0
242;2;2;0
243;2;1;0
1;244;3;0
245;2;5;0
1;247;5;0
248;2;4;0
249;2;1;0
1;250;5;0
251;2;2;0
252;2;4;0
1;253;6;0
254;2;2;0
1;255;2;0
257;2;3;0
1;259;3;0
260;2;6;0
1;261;1;0
1;262;5;0
263;2;4;0
264;2;1;0
1;265;5;0
266;2;7;0
1;267;5;0
1;268;2;0
269;2;10;0
1;270;9;0
1;271;1;0
272;2;6;0
1;274;6;0
275;2;2;0
276;2;3;0
1;277;5;0
278;2;5;0
1;280;5;0
282;2;11;0
1;283;11;0
285;2;3;0
1;286;3;0
287;2;2;0
1;288;1;0
1;289;1;0
290;2;7;0
1;291;3;0
1;292;4;0
293;2;7;0
1;294;1;0
1;295;6;0
296;2;5;0
1;297;4;0
1;298;1;0
299;2;5;0
1;300;4;0
1;301;1;0
305;2;2;0
306;2;5;0
1;307;7;0
308;2;2;0
309;2;4;0
1;310;6;0
311;2;3;0
312;2;3;0
1;313;6;0
314;2;7;0
1;315;2;0
1;316;5;0
317;2;6;0
1;318;2;0
1;319;4;0
320;2;4;0
1;321;4;0
323;2;4;0
324;2;3;0
1;325;7;0
326;2;3;0
327;2;3;0
1;328;6;0
329;2;3;0
330;2;3;0
1;331;6;0
332;2;3;0
1;333;1;0
1;334;2;0
335;2;7;0
1;336;4;0
1;337;3;0
338;2;7;0
1;339;1;0
1;340;6;0
341;2;3;0
342;2;3;0
1;343;6;0
344;2;2;0
345;2;6;0
1;346;8;0
347;2;2;0
348;2;1;0
1;349;3;0
350;2;4;0
1;351;2;0
1;352;2;0
353;2;4;0
1;354;2;0
1;355;2;0
356;2;7;0
1;357;5;0
1;358;2;0
359;2;6;0
360;2;1;0
1;361;7;0
362;2;7;0
363;2;1;0
1;364;8;0
365;2;3;0
1;366;1;0
1;367;2;0
368;2;4;0
1;369;3;0
1;370;1;0
371;2;3;0
372;2;3;0
1;373;6;0
374;2;6;0
1;375;6;0
377;2;7;0
1;378;4;0
1;379;3;0
380;2;4;0
381;2;1;0
1;382;5;0
383;2;5;0
1;384;4;0
1;385;1;0
386;2;6;0
1;387;1;0
1;388;5;0
389;2;6;0
1;390;4;0
1;391;2;0
392;2;3;0
1;393;1;0
1;394;2;0
395;2;6;0
1;397;6;0
398;2;4;0
399;2;1;0
1;400;5;0
402;2;5;0
1;403;5;0
405;2;1;0
1;406;1;0
407;2;4;0
1;408;3;0
1;409;1;0
410;2;7;0
1;411;3;0
1;412;4;0
414;2;10;0
1;415;10;0
420;2;6;0
1;421;6;0
422;2;2;0
423;2;4;0
1;424;6;0
425;2;2;0
1;427;2;0
428;2;2;0
429;2;5;0
1;430;7;0
431;2;5;0
1;432;2;0
1;433;3;0
434;2;4;0
1;435;4;0
437;2;4;0
1;438;1;0
1;439;3;0
440;2;6;0
1;441;4;0
1;442;2;0
443;2;4;0
444;2;6;0
1;445;10;0
446;2;7;0
1;447;4;0
1;448;3;0
449;2;4;0
1;451;4;0
452;2;6;0
453;2;2;0
1;454;8;0
456;2;2;0
1;457;2;0
458;2;6;0
1;459;2;0
1;460;4;0
461;2;4;0
1;462;4;0
464;2;6;0
1;466;6;0
468;2;17;0
1;469;17;0
470;2;6;0
1;471;5;0
1;472;1;0
474;2;3;0
1;475;3;0
476;2;6;0
1;478;6;0
479;2;7;0
1;480;4;0
1;481;3;0
482;2;4;0
1;483;4;0
485;2;3;0
486;2;7;0
1;487;10;0
488;2;3;0
1;489;3;0
491;2;3;0
492;2;2;0
1;493;5;0
494;2;4;0
495;2;5;0
1;496;9;0
497;2;5;0
1;498;2;0
1;499;3;0
500;2;5;0
501;2;5;0
1;502;10;0
503;2;3;0
1;504;3;0
506;2;2;0
507;2;4;0
1;508;6;0
509;2;7;0
1;510;2;0
1;511;5;0
512;2;7;0
1;513;6;0
1;514;1;0
515;2;4;0
1;516;1;0
1;517;3;0
518;2;6;0
1;519;3;0
1;520;3;0
521;2;7;0
522;2;2;0
1;523;9;0
524;2;2;0
525;2;5;0
1;526;7;0
527;2;5;0
1;529;5;0
530;2;7;0
1;531;3;0
1;532;4;0
533;2;5;0
1;534;4;0
1;535;1;0
536;2;4;0
537;2;2;0
1;538;6;0
539;2;2;0
540;2;3;0
1;541;5;0
542;2;7;0
1;543;5;0
1;544;2;0
545;2;2;0
546;2;3;0
1;547;5;0
548;2;6;0
1;549;1;0
1;550;5;0
552;2;6;0
1;553;6;0
554;2;7;0
1;555;4;0
1;556;3;0
557;2;4;0
558;2;2;0
1;559;6;0
560;2;6;0
1;562;6;0
563;2;7;0
564;2;1;0
1;565;8;0
567;2;4;0
1;568;4;0
569;2;7;0
1;570;1;0
1;571;6;0
572;2;6;0
1;573;5;0
1;574;1;0
575;2;6;0
576;2;3;0
1;577;9;0
578;2;2;0
579;2;3;0
1;580;5;0
581;2;5;0
1;582;5;0
584;2;4;0
585;2;3;0
1;586;7;0
587;2;5;0
1;589;5;0
590;2;7;0
1;592;7;0
593;2;7;0
1;594;2;0
1;595;5;0
596;2;2;0
1;598;2;0
599;2;7;0
1;600;2;0
1;601;5;0
602;2;5;0
1;603;5;0
605;2;7;0
1;606;6;0
1;607;1;0
608;2;7;0
1;609;5;0
1;610;2;0
612;2;16;0
1;613;16;0
614;2;5;0
1;615;5;0
617;2;7;0
1;618;4;0
1;619;3;0
620;2;4;0
1;622;4;0
624;2;7;0
1;625;7;0
626;2;7;0
1;627;1;0
1;628;6;0
629;2;2;0
630;2;2;0
1;631;4;0
632;2;5;0
633;2;1;0
1;634;6;0
635;2;4;0
1;636;1;0
1;637;3;0
638;2;10;0
1;639;8;0
1;640;2;0
641;2;3;0
1;642;1;0
1;643;2;0
644;2;5;0
1;645;5;0
647;2;7;0
648;2;3;0
1;649;10;0
650;2;5;0
1;651;1;0
1;652;4;0
653;2;5;0
654;2;4;0
1;655;9;0
656;2;3;0
1;657;2;0
1;658;1;0
659;2;3;0
660;2;6;0
1;661;9;0
662;2;4;0
663;2;4;0
1;664;8;0
665;2;6;0
1;666;1;0
1;667;5;0
668;2;10;0
1;669;10;0
671;2;6;0
1;672;1;0
1;673;5;0
674;2;4;0
1;675;4;0
677;2;3;0
678;2;5;0
1;679;8;0
680;2;2;0
681;2;3;0
1;682;5;0
683;2;4;0
684;2;1;0
1;685;5;0
686;2;5;0
687;2;1;0
1;688;6;0
689;2;4;0
690;2;3;0
1;691;7;0
692;2;4;0
693;2;2;0
1;694;6;0
695;2;2;0
1;696;2;0
698;2;7;0
1;699;4;0
1;700;3;0
701;2;5;0
702;2;2;0
1;703;7;0
704;2;3;0
705;2;4;0
1;706;7;0
707;2;2;0
708;2;4;0
1;709;6;0
710;2;5;0
1;711;3;0
1;712;2;0
713;2;6;0
1;714;5;0
1;715;1;0
716;2;13;0
717;2;4;0
1;718;17;0
719;2;2;0
720;2;2;0
1;721;4;0
722;2;2;0
723;2;1;0
1;724;3;0
725;2;7;0
1;726;5;0
1;727;2;0
728;2;4;0
729;2;2;0
1;730;6;0
731;2;6;0
1;732;4;0
1;733;2;0
734;2;7;0
1;735;5;0
1;736;2;0
737;2;7;0
1;738;3;0
1;739;4;0
740;2;5;0
1;741;5;0
743;2;2;0
744;2;3;0
1;745;5;0
746;2;4;0
1;748;4;0
749;2;4;0
750;2;2;0
1;751;6;0
752;2;4;0
1;753;3;0
1;754;1;0
756;2;4;0
1;757;4;0
758;2;6;0
1;759;1;0
1;760;5;0
761;2;4;0
762;2;3;0
1;763;7;0
764;2;4;0
765;2;1;0
1;766;5;0
768;2;5;0
1;769;5;0
770;2;5;0
1;772;5;0
773;2;6;0
1;775;6;0
777;2;1;0
1;778;1;0
780;2;6;0
1;781;6;0
782;2;6;0
1;784;6;0
785;2;3;0
786;2;4;0
1;787;7;0
788;2;4;0
1;789;4;0
791;2;2;0
1;793;2;0
794;2;13;0
795;2;12;0
1;796;25;0
797;2;2;0
798;2;2;0
1;799;4;0
800;2;2;0
801;2;3;0
1;802;5;0
803;2;7;0
1;804;6;0
1;805;1;0
806;2;6;0
1;807;5;0
1;808;1;0
809;2;5;0
1;810;2;0
1;811;3;0
812;2;6;0
1;813;6;0
815;2;6;0
1;816;4;0
1;817;2;0
818;2;6;0
819;2;3;0
1;820;9;0
821;2;7;0
1;822;2;0
1;823;5;0
824;2;3;0
1;825;2;0
1;826;1;0
827;2;5;0
1;828;2;0
1;829;3;0
830;2;4;0
831;2;6;0
1;832;10;0
833;2;7;0
1;834;3;0
1;835;4;0
836;2;5;0
837;2;4;0
1;838;9;0
839;2;3;0
1;840;3;0
842;2;2;0
843;2;4;0
1;844;6;0
845;2;7;0
846;2;1;0
1;847;8;0
848;2;4;0
849;2;3;0
1;850;7;0
851;2;6;0
1;853;6;0
854;2;7;0
1;855;7;0
857;2;3;0
858;2;2;0
1;859;5;0
860;2;6;0
1;861;3;0
1;862;3;0
863;2;3;0
864;2;6;0
1;865;9;0
866;2;6;0
1;867;3;0
1;868;3;0
869;2;4;0
1;870;1;0
1;871;3;0
872;2;3;0
1;874;3;0
875;2;2;0
1;877;2;0
878;2;7;0
1;879;4;0
1;880;3;0
881;2;7;0
1;882;6;0
1;883;1;0
884;2;3;0
885;2;4;0
1;886;7;0
887;2;2;0
888;2;4;0
1;889;6;0
890;2;3;0
891;2;2;0
1;892;5;0
893;2;6;0
894;2;2;0
1;895;8;0
896;2;6;0
1;898;6;0
899;2;7;0
1;900;3;0
1;901;4;0
902;2;4;0
903;2;1;0
1;904;5;0
905;2;7;0
1;906;5;0
1;907;2;0
908;2;6;0
1;909;2;0
1;910;4;0
911;2;2;0
912;2;4;0
1;913;6;0
914;2;6;0
1;915;2;0
1;916;4;0
917;2;7;0
1;918;2;0
1;919;5;0
920;2;7;0
1;921;4;0
1;922;3;0
923;2;4;0
1;925;4;0
929;2;7;0
1;930;1;0
1;931;6;0
933;2;3;0
1;934;3;0
935;2;4;0
936;2;1;0
1;937;5;0
938;2;6;0
1;939;5;0
1;940;1;0
941;2;2;0
942;2;1;0
1;943;3;0
944;2;2;0
945;2;4;0
1;946;6;0
947;2;2;0
948;2;1;0
1;949;3;0
950;2;3;0
951;2;4;0
1;952;7;0
953;2;7;0
1;955;7;0
956;2;6;0
957;2;1;0
1;958;7;0
959;2;3;0
960;2;4;0
1;961;7;0
962;2;2;0
963;2;2;0
1;964;4;0
965;2;6;0
1;966;4;0
1;967;2;0
968;2;4;0
969;2;3;0
1;970;7;0
971;2;2;0
1;972;1;0
1;973;1;0
974;2;2;0
1;975;2;0
977;2;7;0
1;978;3;0
1;979;4;0
980;2;5;0
981;2;2;0
1;982;7;0
983;2;7;0
1;984;3;0
1;985;4;0
986;2;4;0
987;2;4;0
1;988;8;0
989;2;6;0
1;990;4;0
1;991;2;0
992;2;7;0
1;993;7;0
996;2;1;0
1;997;1;0
998;2;7;0
999;2;3;0
1;1000;10;0
1001;2;6;0
1;1002;1;0
1;1003;5;0
1004;2;6;0
1;1005;2;0
1;1006;4;0
1008;2;3;0
1;1009;3;0
1010;2;5;0
1;1011;2;0
1;1012;3;0
1013;2;2;0
1014;2;6;0
1;1015;8;0
1017;2;4;0
1;1018;4;0
1019;2;5;0
1;1021;5;0
1022;2;2;0
1;1024;2;0
1025;2;7;0
1;1026;7;0
1028;2;6;0
1;1029;3;0
1;1030;3;0
1031;2;5;0
1;1032;3;0
1;1033;2;0
1034;2;3;0
1;1035;2;0
1;1036;1;0
1037;2;7;0
1;1038;4;0
1;1039;3;0
1040;2;5;0
1041;2;1;0
1;1042;6;0
1043;2;4;0
1;1045;4;0
1047;2;4;0
1;1048;4;0
1049;2;6;0
1;1051;6;0
1053;2;1;0
1;1054;1;0
1056;2;3;0
1;1057;3;0
1058;2;6;0
1;1059;1;0
1;1060;5;0
1061;2;4;0
1062;2;2;0
1;1063;6;0
1064;2;4;0
1;1066;4;0
1068;2;7;0
1;1069;7;0
1070;2;7;0
1;1071;1;0
1;1072;6;0
1074;2;2;0
1;1075;2;0
1076;2;4;0
1;1077;4;0
1080;2;8;0
1;1081;8;0
1082;2;5;0
1;1083;3;0
1;1084;2;0
1085;2;3;0
1086;2;3;0
1;1087;6;0
1088;2;5;0
1;1090;5;0
1091;2;2;0
1092;2;5;0
1;1093;7;0
1094;2;2;0
1;1095;2;0
1097;2;7;0
1;1098;7;0
1100;2;12;0
1;1101;9;0
1;1102;3;0
1103;2;2;0
1104;2;4;0
1;1105;6;0
1106;2;2;0
1107;2;3;0
1;1108;5;0
1109;2;6;0
1;1110;5;0
1;1111;1;0
1112;2;2;0
1113;2;1;0
1;1114;3;0
1115;2;3;0
1116;2;3;0
1;1117;6;0
1119;2;4;0
1;1120;4;0
1121;2;3;0
1122;2;1;0
1;1123;4;0
1124;2;2;0
1125;2;5;0
1;1126;7;0
1127;2;7;0
1;1128;4;0
1;1129;3;0
1130;2;5;0
1131;2;1;0
1;1132;6;0
1133;2;5;0
1;1134;2;0
1;1135;3;0
1136;2;6;0
1137;2;1;0
1;1138;7;0
1140;2;2;0
1;1141;2;0
1142;2;4;0
1;1143;1;0
1;1144;3;0
1145;2;6;0
1;1147;6;0
1148;2;6;0
1;1149;2;0
1;1150;4;0
1151;2;6;0
1;1152;2;0
1;1153;4;0
1154;2;4;0
1;1155;4;0
1157;2;4;0
1158;2;6;0
1;1159;10;0
1160;2;4;0
1;1162;4;0
1163;2;3;0
1164;2;6;0
1;1165;9;0
1166;2;5;0
1;1168;5;0
1169;2;6;0
1170;2;1;0
1;1171;7;0
1172;2;1;0
1;1174;1;0
1175;2;6;0
1;1176;5;0
1;1177;1;0
1178;2;6;0
1;1179;6;0
1181;2;3;0
1182;2;4;0
1;1183;7;0
1184;2;6;0
1;1185;3;0
1;1186;3;0
1187;2;7;0
1;1188;2;0
1;1189;5;0
1190;2;2;0
1191;2;7;0
1;1192;9;0
1193;2;4;0
1;1194;2;0
1;1195;2;0
1196;2;6;0
1;1197;5;0
1;1198;1;0
1199;2;6;0
1;1200;1;0
1;1201;5;0
1202;2;4;0
1;1203;1;0
1;1204;3;0
1205;2;2;0
1206;2;4;0
1;1207;6;0
1208;2;4;0
1;1209;2;0
1;1210;2;0
1211;2;7;0
1;1212;3;0
1;1213;4;0
1214;2;5;0
1;1215;5;0
1218;2;2;0
1;1219;2;0
1220;2;4;0
1221;2;4;0
1;1222;8;0
1223;2;5;0
1;1225;5;0
1226;2;6;0
1;1228;6;0
1229;2;2;0
1;1231;2;0
1233;2;4;0
1;1234;4;0
1235;2;6;0
1;1237;6;0
1238;2;3;0
1239;2;8;0
1;1240;11;0
1241;2;2;0
1;1242;1;0
1;1243;1;0
1244;2;3;0
1;1245;3;0
1247;2;6;0
1248;2;1;0
1;1249;7;0
1250;2;2;0
1251;2;2;0
1;1252;4;0
1253;2;6;0
1;1254;2;0
1;1255;4;0
1256;2;3;0
1;1257;1;0
1;1258;2;0
1259;2;2;0
1260;2;5;0
1;1261;7;0
1262;2;6;0
1;1264;6;0
1265;2;3;0
1;1267;3;0
1268;2;3;0
1269;2;2;0
1;1270;5;0
1271;2;7;0
1;1273;7;0
1274;2;6;0
1;1275;1;0
1;1276;5;0
1277;2;6;0
1278;2;2;0
1;1279;8;0
1280;2;6;0
1;1281;2;0
1;1282;4;0
1283;2;7;0
1;1284;4;0
1;1285;3;0
1286;2;2;0
1287;2;5;0
1;1288;7;0
1289;2;2;0
1290;2;1;0
1;1291;3;0
1292;2;6;0
1;1293;2;0
1;1294;4;0
1295;2;6;0
1;1296;5;0
1;1297;1;0
1298;2;2;0
1;1299;1;0
1;1300;1;0
1301;2;9;0
1;1302;3;0
1;1303;6;0
1304;2;5;0
1;1305;3;0
1;1306;2;0
1307;2;6;0
1;1309;6;0
1310;2;4;0
1311;2;2;0
1;1312;6;0
1313;2;4;0
1;1315;4;0
1316;2;7;0
1;1317;6;0
1;1318;1;0
1319;2;2;0
1;1320;1;0
1;1321;1;0
1322;2;4;0
1;1323;4;0
1325;2;3;0
1326;2;2;0
1;1327;5;0
1328;2;2;0
1329;2;1;0
1;1330;3;0
1331;2;3;0
1332;2;2;0
1;1333;5;0
1335;2;4;0
1;1336;4;0
1337;2;5;0
1;1338;2;0
1;1339;3;0
1340;2;6;0
1;1341;1;0
1;1342;5;0
1344;2;1;0
1;1345;1;0
1346;2;3;0
1347;2;5;0
1;1348;8;0
1349;2;4;0
1;1350;1;0
1;1351;3;0
1352;2;2;0
1353;2;5;0
1;1354;7;0
1355;2;4;0
1356;2;5;0
1;1357;9;0
1358;2;7;0
1;1359;4;0
1;1360;3;0
1362;2;3;0
1;1363;3;0
1364;2;5;0
1365;2;1;0
1;1366;6;0
1368;2;8;0
1;1369;8;0
1370;2;5;0
1;1371;3;0
1;1372;2;0
1373;2;5;0
1;1374;4;0
1;1375;1;0
1376;2;7;0
1;1377;1;0
1;1378;6;0
1379;2;4;0
1380;2;1;0
1;1381;5;0
1382;2;6;0
1;1383;2;0
1;1384;4;0
1385;2;6;0
1;1387;6;0
1388;2;3;0
1389;2;1;0
1;1390;4;0
1391;2;4;0
1;1392;4;0
1394;2;4;0
1395;2;1;0
1;1396;5;0
1397;2;7;0
1;1398;3;0
1;1399;4;0
1400;2;4;0
1401;2;1;0
1;1402;5;0
1403;2;7;0
1404;2;3;0
1;1405;10;0
1406;2;4;0
1407;2;3;0
1;1408;7;0
1409;2;5;0
1;1410;4;0
1;1411;1;0
1412;2;3;0
1413;2;4;0
1;1414;7;0
1415;2;13;0
1;1416;13;0
1418;2;5;0
1;1419;4;0
1;1420;1;0
1421;2;2;0
1;1422;1;0
1;1423;1;0
1424;2;6;0
1;1425;2;0
1;1426;4;0
1427;2;3;0
1428;2;4;0
1;1429;7;0
1430;2;7;0
1431;2;3;0
1;1432;10;0
1433;2;2;0
1434;2;5;0
1;1435;7;0
1436;2;4;0
1;1438;4;0
1439;2;5;0
1440;2;2;0
1;1441;7;0
1442;2;2;0
1443;2;4;0
1;1444;6;0
1445;2;4;0
1;1446;2;0
1;1447;2;0
1448;2;4;0
1;1449;3;0
1;1450;1;0
1451;2;5;0
1452;2;4;0
1;1453;9;0
1454;2;5;0
1;1455;1;0
1;1456;4;0
1457;2;5;0
1458;2;1;0
1;1459;6;0
1460;2;4;0
1461;2;3;0
1;1462;7;0
1463;2;6;0
1;1464;2;0
1;1465;4;0
1466;2;2;0
1467;2;3;0
1;1468;5;0
1469;2;6;0
1470;2;1;0
1;1471;7;0
1472;2;6;0
1;1473;2;0
1;1474;4;0
1475;2;5;0
1;1477;5;0
1478;2;4;0
1;1480;4;0
1481;2;6;0
1;1482;1;0
1;1483;5;0
1484;2;4;0
1;1485;4;0
1487;2;7;0
1;1488;2;0
1;1489;5;0
1490;2;2;0
1;1492;2;0
1493;2;6;0
1;1494;5;0
1;1495;1;0
1496;2;4;0
1497;2;5;0
1;1498;9;0
1499;2;4;0
1500;2;1;0
1;1501;5;0
1502;2;7;0
1;1503;3;0
1;1504;4;0
1505;2;2;0
1506;2;2;0
1;1507;4;0
1508;2;3;0
1;1509;1;0
1;1510;2;0
1511;2;5;0
1;1512;4;0
1;1513;1;0
1514;2;4;0
1;1515;1;0
1;1516;3;0
1517;2;5;0
1518;2;10;0
1;1519;15;0
1520;2;4;0
1521;2;2;0
1;1522;6;0
1523;2;3;0
1;1524;1;0
1;1525;2;0
1526;2;4;0
1527;2;1;0
1;1528;5;0
1529;2;5;0
1;1530;2;0
1;1531;3;0
1532;2;5;0
1;1533;1;0
1;1534;4;0
1535;2;2;0
1536;2;2;0
1;1537;4;0
1538;2;4;0
1;1539;1;0
1;1540;3;0
1541;2;7;0
1;1542;2;0
1;1543;5;0
1544;2;7;0
1545;2;2;0
1;1546;9;0
1547;2;4;0
1;1548;1;0
1;1549;3;0
1550;2;4;0
1;1552;4;0
1553;2;6;0
1;1554;1;0
1;1555;5;0
1556;2;5;0
1;1557;2;0
1;1558;3;0
1559;2;3;0
1560;2;3;0
1;1561;6;0
1562;2;3;0
1563;2;4;0
1;1564;7;0
1565;2;4;0
1;1567;4;0
1568;2;6;0
1;1569;3;0
1;1570;3;0
1571;2;6;0
1;1573;6;0
1574;2;4;0
1;1576;4;0
1577;2;5;0
1578;2;3;0
1;1579;8;0
1580;2;3;0
1581;2;3;0
1;1582;6;0
1583;2;11;0
1;1584;11;0
1586;2;3;0
1;1587;3;0
1589;2;4;0
1590;2;5;0
1;1591;9;0
1592;2;3;0
1593;2;2;0
1;1594;5;0
1595;2;4;0
1;1596;4;0
1598;2;3;0
1;1600;3;0
1601;2;3;0
1602;2;2;0
1;1603;5;0
1604;2;4;0
1;1605;1;0
1;1606;3;0
1607;2;4;0
1608;2;2;0
1;1609;6;0
1610;2;8;0
1;1611;5;0
1;1612;3;0
1613;2;6;0
1;1614;1;0
1;1615;5;0
1616;2;4;0
1617;2;2;0
1;1618;6;0
1619;2;6;0
1;1620;3;0
1;1621;3;0
1622;2;3;0
1;1623;1;0
1;1624;2;0
1625;2;2;0
1626;2;1;0
1;1627;3;0
1628;2;7;0
1;1629;4;0
1;1630;3;0
1632;2;7;0
1;1633;7;0
1634;2;3;0
1635;2;1;0
1;1636;4;0
1637;2;3;0
1;1639;3;0
1640;2;3;0
1641;2;2;0
1;1642;5;0
1643;2;6;0
1;1644;3;0
1;1645;3;0
1646;2;6;0
1;1647;2;0
1;1648;4;0
1649;2;2;0
1650;2;4;0
1;1651;6;0
1652;2;4;0
1653;2;2;0
1;1654;6;0
1656;2;5;0
1;1657;5;0
1658;2;7;0
1;1659;4;0
1;1660;3;0
1661;2;4;0
1;1662;2;0
1;1663;2;0
1664;2;7;0
1;1665;3;0
1;1666;4;0
1667;2;4;0
1;1668;1;0
1;1669;3;0
1670;2;4;0
1;1672;4;0
1673;2;3;0
1674;2;1;0
1;1675;4;0
1676;2;6;0
1;1677;2;0
1;1678;4;0
1679;2;4;0
1680;2;4;0
1;1681;8;0
1683;2;13;0
1;1684;13;0
3;5;4;0
3;8;2;0
3;11;2;0
3;14;7;0
3;17;14;0
3;20;3;0
3;23;5;0
3;26;2;0
3;29;7;0
3;32;4;0
1684;4;13;0
1681;4;8;0
1678;4;4;0
1675;4;4;0
1672;4;4;0
1669;4;3;0
1666;4;4;0
1663;4;2;0
1660;4;3;0
1657;4;5;0
1683;4;-1;0
1680;4;-1;0
1677;4;-1;0
1674;4;-1;0
1671;4;-1;0
1668;4;-1;0
1665;4;-1;0
1662;4;-1;0
1659;4;-1;0
1656;4;-1;0
6;36;-1;0
9;39;-1;0
12;42;-1;0
15;45;-1;0
18;48;-1;0
21;51;-1;0
24;54;-1;0
27;57;-1;0
30;60;-1;0
33;63;-1;0
36;66;-1;0
39;69;-1;0
42;72;-1;0
45;75;-1;0
48;78;-1;0
51;81;-1;0
54;84;-1;0
57;87;-1;0
60;90;-1;0
63;93;-1;0
66;96;-1;0
69;99;-1;0
72;102;-1;0
75;105;-1;0
78;108;-1;0
81;111;-1;0
84;114;-1;0
87;117;-1;0
90;120;-1;0
93;123;-1;0
96;126;-1;0
99;129;-1;0
102;132;-1;0
105;135;-1;0
108;138;-1;0
111;141;-1;0
114;144;-1;0
117;147;-1;0
120;150;-1;0
123;153;-1;0
126;156;-1;0
129;159;-1;0
132;162;-1;0
135;165;-1;0
138;168;-1;0
141;171;-1;0
144;174;-1;0
147;177;-1;0
150;180;-1;0
153;183;-1;0
156;186;-1;0
159;189;-1;0
162;192;-1;0
165;195;-1;0
168;198;-1;0
171;201;-1;0
174;204;-1;0
177;207;-1;0
180;210;-1;0
183;213;-1;0
186;216;-1;0
189;219;-1;0
192;222;-1;0
195;225;-1;0
198;228;-1;0
201;231;-1;0
204;234;-1;0
207;237;-1;0
210;240;-1;0
213;243;-1;0
216;246;-1;0
219;249;-1;0
222;252;-1;0
225;255;-1;0
228;258;-1;0
231;261;-1;0
234;264;-1;0
237;267;-1;0
240;270;-1;0
243;273;-1;0
246;276;-1;0
249;279;-1;0
252;282;-1;0
255;285;-1;0
258;288;-1;0
261;291;-1;0
264;294;-1;0
267;297;-1;0
270;300;-1;0
273;303;-1;0
276;306;-1;0
279;309;-1;0
282;312;-1;0
285;315;-1;0
288;318;-1;0
291;321;-1;0
294;324;-1;0
297;327;-1;0
300;330;-1;0
303;333;-1;0
306;336;-1;0
309;339;-1;0
312;342;-1;0
315;345;-1;0
318;348;-1;0
321;351;-1;0
324;354;-1;0
327;357;-1;0
330;360;-1;0
333;363;-1;0
336;366;-1;0
339;369;-1;0
342;372;-1;0
345;375;-1;0
348;378;-1;0
351;381;-1;0
354;384;-1;0
357;387;-1;0
360;390;-1;0
363;393;-1;0
366;396;-1;0
369;399;-1;0
372;402;-1;0
375;405;-1;0
378;408;-1;0
381;411;-1;0
384;414;-1;0
387;417;-1;0
390;420;-1;0
393;423;-1;0
396;426;-1;0
399;429;-1;0
402;432;-1;0
405;435;-1;0
408;438;-1;0
411;441;-1;0
414;444;-1;0
417;447;-1;0
420;450;-1;0
423;453;-1;0
426;456;-1;0
429;459;-1;0
432;462;-1;0
435;465;-1;0
438;468;-1;0
441;471;-1;0
444;474;-1;0
447;477;-1;0
450;480;-1;0
453;483;-1;0
456;486;-1;0
459;489;-1;0
462;492;-1;0
465;495;-1;0
468;498;-1;0
471;501;-1;0
474;504;-1;0
477;507;-1;0
480;510;-1;0
483;513;-1;0
486;516;-1;0
489;519;-1;0
492;522;-1;0
495;525;-1;0
498;528;-1;0
501;531;-1;0
504;534;-1;0
507;537;-1;0
510;540;-1;0
513;543;-1;0
516;546;-1;0
519;549;-1;0
522;552;-1;0
525;555;-1;0
528;558;-1;0
531;561;-1;0
534;564;-1;0
537;567;-1;0
540;570;-1;0
543;573;-1;0
546;576;-1;0
549;579;-1;0
552;582;-1;0
555;585;-1;0
558;588;-1;0
561;591;-1;0
564;594;-1;0
567;597;-1;0
570;600;-1;0
573;603;-1;0
576;606;-1;0
579;609;-1;0
582;612;-1;0
585;615;-1;0
588;618;-1;0
591;621;-1;0
594;624;-1;0
597;627;-1;0
600;630;-1;0
603;633;-1;0
606;636;-1;0
609;639;-1;0
612;642;-1;0
615;645;-1;0
618;648;-1;0
621;651;-1;0
624;654;-1;0
627;657;-1;0
630;660;-1;0
633;663;-1;0
636;666;-1;0
639;669;-1;0
642;672;-1;0
645;675;-1;0
648;678;-1;0
651;681;-1;0
654;684;-1;0
657;687;-1;0
660;690;-1;0
663;693;-1;0
666;696;-1;0
669;699;-1;0
672;702;-1;0
675;705;-1;0
678;708;-1;0
681;711;-1;0
684;714;-1;0
687;717;-1;0
690;720;-1;0
693;723;-1;0
696;726;-1;0
699;729;-1;0
702;732;-1;0
705;735;-1;0
708;738;-1;0
711;741;-1;0
714;744;-1;0
717;747;-1;0
720;750;-1;0
723;753;-1;0
726;756;-1;0
729;759;-1;0
732;762;-1;0
735;765;-1;0
738;768;-1;0
741;771;-1;0
744;774;-1;0
747;777;-1;0
750;780;-1;0
753;783;-1;0
756;786;-1;0
759;789;-1;0
762;792;-1;0
765;795;-1;0
768;798;-1;0
771;801;-1;0
774;804;-1;0
777;807;-1;0
780;810;-1;0
783;813;-1;0
786;816;-1;0
789;819;-1;0
792;822;-1;0
795;825;-1;0
798;828;-1;0
801;831;-1;0
804;834;-1;0
807;837;-1;0
810;840;-1;0
813;843;-1;0
816;846;-1;0
819;849;-1;0
822;852;-1;0
825;855;-1;0
828;858;-1;0
831;861;-1;0
834;864;-1;0
837;867;-1;0
840;870;-1;0
843;873;-1;0
846;876;-1;0
849;879;-1;0
852;882;-1;0
855;885;-1;0
858;888;-1;0
861;891;-1;0
864;894;-1;0
867;897;-1;0
870;900;-1;0
873;903;-1;0
876;906;-1;0
879;909;-1;0
882;912;-1;0
885;915;-1;0
888;918;-1;0
891;921;-1;0
894;924;-1;0
897;927;-1;0
900;930;-1;0
903;933;-1;0
906;936;-1;0
909;939;-1;0
912;942;-1;0
915;945;-1;0
918;948;-1;0
921;951;-1;0
924;954;-1;0
927;957;-1;0
930;960;-1;0
933;963;-1;0
936;966;-1;0
939;969;-1;0
942;972;-1;0
945;975;-1;0
948;978;-1;0
951;981;-1;0
954;984;-1;0
957;987;-1;0
960;990;-1;0
963;993;-1;0
966;996;-1;0
969;999;-1;0
972;1002;-1;0
975;1005;-1;0
978;1008;-1;0
981;1011;-1;0
984;1014;-1;0
987;1017;-1;0
990;1020;-1;0
993;1023;-1;0
996;1026;-1;0
999;1029;-1;0
1002;1032;-1;0
1005;1035;-1;0
1008;1038;-1;0
1011;1041;-1;0
1014;1044;-1;0
1017;1047;-1;0
1020;1050;-1;0
1023;1053;-1;0
1026;1056;-1;0
1029;1059;-1;0
1032;1062;-1;0
1035;1065;-1;0
1038;1068;-1;0
1041;1071;-1;0
1044;1074;-1;0
1047;1077;-1;0
1050;1080;-1;0
1053;1083;-1;0
1056;1086;-1;0
1059;1089;-1;0
1062;1092;-1;0
1065;1095;-1;0
1068;1098;-1;0
1071;1101;-1;0
1074;1104;-1;0
1077;1107;-1;0
1080;1110;-1;0
1083;1113;-1;0
1086;1116;-1;0
1089;1119;-1;0
1092;1122;-1;0
1095;1125;-1;0
1098;1128;-1;0
1101;1131;-1;0
1104;1134;-1;0
1107;1137;-1;0
1110;1140;-1;0
1113;1143;-1;0
1116;1146;-1;0
1119;1149;-1;0
1122;1152;-1;0
1125;1155;-1;0
1128;1158;-1;0
1131;1161;-1;0
1134;1164;-1;0
1137;1167;-1;0
1140;1170;-1;0
1143;1173;-1;0
1146;1176;-1;0
1149;1179;-1;0
1152;1182;-1;0
1155;1185;-1;0
1158;1188;-1;0
1161;1191;-1;0
1164;1194;-1;0
1167;1197;-1;0
1170;1200;-1;0
1173;1203;-1;0
1176;1206;-1;0
1179;1209;-1;0
1182;1212;-1;0
1185;1215;-1;0
1188;1218;-1;0
1191;1221;-1;0
1194;1224;-1;0
1197;1227;-1;0
1200;1230;-1;0
1203;1233;-1;0
1206;1236;-1;0
1209;1239;-1;0
1212;1242;-1;0
1215;1245;-1;0
1218;1248;-1;0
1221;1251;-1;0
1224;1254;-1;0
1227;1257;-1;0
1230;1260;-1;0
1233;1263;-1;0
1236;1266;-1;0
1239;1269;-1;0
1242;1272;-1;0
1245;1275;-1;0
1248;1278;-1;0
1251;1281;-1;0
1254;1284;-1;0
1257;1287;-1;0
1260;1290;-1;0
1263;1293;-1;0
1266;1296;-1;0
1269;1299;-1;0
1272;1302;-1;0
1275;1305;-1;0
1278;1308;-1;0
1281;1311;-1;0
1284;1314;-1;0
1287;1317;-1;0
1290;1320;-1;0
1293;1323;-1;0
1296;1326;-1;0
1299;1329;-1;0
1302;1332;-1;0
1305;1335;-1;0
1308;1338;-1;0
1311;1341;-1;0
1314;1344;-1;0
1317;1347;-1;0
1320;1350;-1;0
1323;1353;-1;0
1326;1356;-1;0
1329;1359;-1;0
1332;1362;-1;0
1335;1365;-1;0
1338;1368;-1;0
1341;1371;-1;0
1344;1374;-1;0
1347;1377;-1;0
1350;1380;-1;0
1353;1383;-1;0
1356;1386;-1;0
1359;1389;-1;0
1362;1392;-1;0
1365;1395;-1;0
1368;1398;-1;0
1371;1401;-1;0
1374;1404;-1;0
1377;1407;-1;0
1380;1410;-1;0
1383;1413;-1;0
1386;1416;-1;0
1389;1419;-1;0
1392;1422;-1;0
1395;1425;-1;0
1398;1428;-1;0
1401;1431;-1;0
1404;1434;-1;0
1407;1437;-1;0
1410;1440;-1;0
1413;1443;-1;0
1416;1446;-1;0
1419;1449;-1;0
1422;1452;-1;0
1425;1455;-1;0
1428;1458;-1;0
1431;1461;-1;0
1434;1464;-1;0
1437;1467;-1;0
1440;1470;-1;0
1443;1473;-1;0
1446;1476;-1;0
1449;1479;-1;0
1452;1482;-1;0
1455;1485;-1;0
1458;1488;-1;0
1461;1491;-1;0
1464;1494;-1;0
1467;1497;-1;0
1470;1500;-1;0
1473;1503;-1;0
1476;1506;-1;0
1479;1509;-1;0
1482;1512;-1;0
1485;1515;-1;0
1488;1518;-1;0
1491;1521;-1;0
1494;1524;-1;0
1497;1527;-1;0
1500;1530;-1;0
1503;1533;-1;0
1506;1536;-1;0
1509;1539;-1;0
1512;1542;-1;0
1515;1545;-1;0
1518;1548;-1;0
1521;1551;-1;0
1524;1554;-1;0
1527;1557;-1;0
1530;1560;-1;0
1533;1563;-1;0
1536;1566;-1;0
1539;1569;-1;0
1542;1572;-1;0
1545;1575;-1;0
1548;1578;-1;0
1551;1581;-1;0
1554;1584;-1;0
1557;1587;-1;0
1560;1590;-1;0
1563;1593;-1;0
1566;1596;-1;0
1569;1599;-1;0
1572;1602;-1;0
1575;1605;-1;0
1578;1608;-1;0
1581;1611;-1;0
1584;1614;-1;0
1587;1617;-1;0
1590;1620;-1;0
1593;1623;-1;0
1596;1626;-1;0
1599;1629;-1;0
1602;1632;-1;0
1605;1635;-1;0
1608;1638;-1;0
1611;1641;-1;0
1614;1644;-1;0
1617;1647;-1;0
1620;1650;-1;0
1623;1653;-1;0
1626;1656;-1;0
1629;1659;-1;0
1632;1662;-1;0
1635;1665;-1;0
1638;1668;-1;0
1641;1671;-1;0
1644;1674;-1;0
1647;1677;-1;0
1650;1680;-1;0
1653;1683;-1;0
6;9;-1;2
6;12;-1;2
6;15;-1;2
6;18;-1;2
6;21;-1;2
6;24;-1;2
6;27;-1;2
6;30;-1;2
6;33;-1;2
9;6;-1;2
9;12;-1;2
9;15;-1;2
9;18;-1;2
9;21;-1;2
9;24;-1;2
9;27;-1;2
9;30;-1;2
9;33;-1;2
12;6;-1;2
12;9;-1;2
12;15;-1;2
12;18;-1;2
12;21;-1;2
12;24;-1;2
12;27;-1;2
12;30;-1;2
12;33;-1;2
15;6;-1;2
15;9;-1;2
15;12;-1;2
15;18;-1;2
15;21;-1;2
15;24;-1;2
15;27;-1;2
15;30;-1;2
15;33;-1;2
18;6;-1;2
18;9;-1;2
18;12;-1;2
18;15;-1;2
18;21;-1;2
18;24;-1;2
18;27;-1;2
18;30;-1;2
18;33;-1;2
21;6;-1;2
21;9;-1;2
21;12;-1;2
21;15;-1;2
21;18;-1;2
21;24;-1;2
21;27;-1;2
21;30;-1;2
21;33;-1;2
24;6;-1;2
24;9;-1;2
24;12;-1;2
24;15;-1;2
24;18;-1;2
24;21;-1;2
24;27;-1;2
24;30;-1;2
24;33;-1;2
27;6;-1;2
27;9;-1;2
27;12;-1;2
27;15;-1;2
27;18;-1;2
27;21;-1;2
27;24;-1;2
27;30;-1;2
27;33;-1;2
30;6;-1;2
30;9;-1;2
30;12;-1;2
30;15;-1;2
30;18;-1;2
30;21;-1;2
30;24;-1;2
30;27;-1;2
30;33;-1;2
33;6;-1;2
33;9;-1;2
33;12;-1;2
33;15;-1;2
33;18;-1;2
33;21;-1;2
33;24;-1;2
33;27;-1;2
33;30;-1;2
126;129;-1;2
126;132;-1;2
126;135;-1;2
126;138;-1;2
126;141;-1;2
126;144;-1;2
126;147;-1;2
126;150;-1;2
126;153;-1;2
129;126;-1;2
129;132;-1;2
129;135;-1;2
129;138;-1;2
129;141;-1;2
129;144;-1;2
129;147;-1;2
129;150;-1;2
129;153;-1;2
132;126;-1;2
132;129;-1;2
132;135;-1;2
132;138;-1;2
132;141;-1;2
132;144;-1;2
132;147;-1;2
132;150;-1;2
132;153;-1;2
135;126;-1;2
135;129;-1;2
135;132;-1;2
135;138;-1;2
135;141;-1;2
135;144;-1;2
135;147;-1;2
135;150;-1;2
135;153;-1;2
138;126;-1;2
138;129;-1;2
138;132;-1;2
138;135;-1;2
138;141;-1;2
138;144;-1;2
138;147;-1;2
138;150;-1;2
138;153;-1;2
141;126;-1;2
141;129;-1;2
141;132;-1;2
141;135;-1;2
141;138;-1;2
141;144;-1;2
141;147;-1;2
141;150;-1;2
141;153;-1;2
144;126;-1;2
144;129;-1;2
144;132;-1;2
144;135;-1;2
144;138;-1;2
144;141;-1;2
144;147;-1;2
144;150;-1;2
144;153;-1;2
147;126;-1;2
147;129;-1;2
147;132;-1;2
147;135;-1;2
147;138;-1;2
147;141;-1;2
147;144;-1;2
147;150;-1;2
147;153;-1;2
150;126;-1;2
150;129;-1;2
150;132;-1;2
150;135;-1;2
150;138;-1;2
150;141;-1;2
150;144;-1;2
150;147;-1;2
150;153;-1;2
153;126;-1;2
153;129;-1;2
153;132;-1;2
153;135;-1;2
153;138;-1;2
153;141;-1;2
153;144;-1;2
153;147;-1;2
153;150;-1;2
246;249;-1;2
246;252;-1;2
246;255;-1;2
246;258;-1;2
246;261;-1;2
246;264;-1;2
246;267;-1;2
246;270;-1;2
246;273;-1;2
249;246;-1;2
249;252;-1;2
249;255;-1;2
249;258;-1;2
249;261;-1;2
249;264;-1;2
249;267;-1;2
249;270;-1;2
249;273;-1;2
252;246;-1;2
252;249;-1;2
252;255;-1;2
252;258;-1;2
252;261;-1;2
252;264;-1;2
252;267;-1;2
252;270;-1;2
252;273;-1;2
255;246;-1;2
255;249;-1;2
255;252;-1;2
255;258;-1;2
255;261;-1;2
255;264;-1;2
255;267;-1;2
255;270;-1;2
255;273;-1;2
258;246;-1;2
258;249;-1;2
258;252;-1;2
258;255;-1;2
258;261;-1;2
258;264;-1;2
258;267;-1;2
258;270;-1;2
258;273;-1;2
261;246;-1;2
261;249;-1;2
261;252;-1;2
261;255;-1;2
261;258;-1;2
261;264;-1;2
261;267;-1;2
261;270;-1;2
261;273;-1;2
264;246;-1;2
264;249;-1;2
264;252;-1;2
264;255;-1;2
264;258;-1;2
264;261;-1;2
264;267;-1;2
264;270;-1;2
264;273;-1;2
267;246;-1;2
267;249;-1;2
267;252;-1;2
267;255;-1;2
267;258;-1;2
267;261;-1;2
267;264;-1;2
267;270;-1;2
267;273;-1;2
270;246;-1;2
270;249;-1;2
270;252;-1;2
270;255;-1;2
270;258;-1;2
270;261;-1;2
270;264;-1;2
270;267;-1;2
270;273;-1;2
273;246;-1;2
273;249;-1;2
273;252;-1;2
273;255;-1;2
273;258;-1;2
273;261;-1;2
273;264;-1;2
273;267;-1;2
273;270;-1;2
366;369;-1;2
366;372;-1;2
366;375;-1;2
366;378;-1;2
366;381;-1;2
366;384;-1;2
366;387;-1;2
366;390;-1;2
366;393;-1;2
369;366;-1;2
369;372;-1;2
369;375;-1;2
369;378;-1;2
369;381;-1;2
369;384;-1;2
369;387;-1;2
369;390;-1;2
369;393;-1;2
372;366;-1;2
372;369;-1;2
372;375;-1;2
372;378;-1;2
372;381;-1;2
372;384;-1;2
372;387;-1;2
372;390;-1;2
372;393;-1;2
375;366;-1;2
375;369;-1;2
375;372;-1;2
375;378;-1;2
375;381;-1;2
375;384;-1;2
375;387;-1;2
375;390;-1;2
375;393;-1;2
378;366;-1;2
378;369;-1;2
378;372;-1;2
378;375;-1;2
378;381;-1;2
378;384;-1;2
378;387;-1;2
378;390;-1;2
378;393;-1;2
381;366;-1;2
381;369;-1;2
381;372;-1;2
381;375;-1;2
381;378;-1;2
381;384;-1;2
381;387;-1;2
381;390;-1;2
381;393;-1;2
384;366;-1;2
384;369;-1;2
384;372;-1;2
384;375;-1;2
384;378;-1;2
384;381;-1;2
384;387;-1;2
384;390;-1;2
384;393;-1;2
387;366;-1;2
387;369;-1;2
387;372;-1;2
387;375;-1;2
387;378;-1;2
387;381;-1;2
387;384;-1;2
387;390;-1;2
387;393;-1;2
390;366;-1;2
390;369;-1;2
390;372;-1;2
390;375;-1;2
390;378;-1;2
390;381;-1;2
390;384;-1;2
390;387;-1;2
390;393;-1;2
393;366;-1;2
393;369;-1;2
393;372;-1;2
393;375;-1;2
393;378;-1;2
393;381;-1;2
393;384;-1;2
393;387;-1;2
393;390;-1;2
486;489;-1;2
486;492;-1;2
486;495;-1;2
486;498;-1;2
486;501;-1;2
486;504;-1;2
486;507;-1;2
486;510;-1;2
486;513;-1;2
489;486;-1;2
489;492;-1;2
489;495;-1;2
489;498;-1;2
489;501;-1;2
489;504;-1;2
489;507;-1;2
489;510;-1;2
489;513;-1;2
492;486;-1;2
492;489;-1;2
492;495;-1;2
492;498;-1;2
492;501;-1;2
492;504;-1;2
492;507;-1;2
492;510;-1;2
492;513;-1;2
495;486;-1;2
495;489;-1;2
495;492;-1;2
495;498;-1;2
495;501;-1;2
495;504;-1;2
495;507;-1;2
495;510;-1;2
495;513;-1;2
498;486;-1;2
498;489;-1;2
498;492;-1;2
498;495;-1;2
498;501;-1;2
498;504;-1;2
498;507;-1;2
498;510;-1;2
498;513;-1;2
501;486;-1;2
501;489;-1;2
501;492;-1;2
501;495;-1;2
501;498;-1;2
501;504;-1;2
501;507;-1;2
501;510;-1;2
501;513;-1;2
504;486;-1;2
504;489;-1;2
504;492;-1;2
504;495;-1;2
504;498;-1;2
504;501;-1;2
504;507;-1;2
504;510;-1;2
504;513;-1;2
507;486;-1;2
507;489;-1;2
507;492;-1;2
507;495;-1;2
507;498;-1;2
507;501;-1;2
507;504;-1;2
507;510;-1;2
507;513;-1;2
510;486;-1;2
510;489;-1;2
510;492;-1;2
510;495;-1;2
510;498;-1;2
510;501;-1;2
510;504;-1;2
510;507;-1;2
510;513;-1;2
513;486;-1;2
513;489;-1;2
513;492;-1;2
513;495;-1;2
513;498;-1;2
513;501;-1;2
513;504;-1;2
513;507;-1;2
513;510;-1;2
606;609;-1;2
606;612;-1;2
606;615;-1;2
606;618;-1;2
606;621;-1;2
606;624;-1;2
606;627;-1;2
606;630;-1;2
606;633;-1;2
609;606;-1;2
609;612;-1;2
609;615;-1;2
609;618;-1;2
609;621;-1;2
609;624;-1;2
609;627;-1;2
609;630;-1;2
609;633;-1;2
612;606;-1;2
612;609;-1;2
612;615;-1;2
612;618;-1;2
612;621;-1;2
612;624;-1;2
612;627;-1;2
612;630;-1;2
612;633;-1;2
615;606;-1;2
615;609;-1;2
615;612;-1;2
615;618;-1;2
615;621;-1;2
615;624;-1;2
615;627;-1;2
615;630;-1;2
615;633;-1;2
618;606;-1;2
618;609;-1;2
618;612;-1;2
618;615;-1;2
618;621;-1;2
618;624;-1;2
618;627;-1;2
618;630;-1;2
618;633;-1;2
621;606;-1;2
621;609;-1;2
621;612;-1;2
621;615;-1;2
621;618;-1;2
621;624;-1;2
621;627;-1;2
621;630;-1;2
621;633;-1;2
624;606;-1;2
624;609;-1;2
624;612;-1;2
624;615;-1;2
624;618;-1;2
624;621;-1;2
624;627;-1;2
624;630;-1;2
624;633;-1;2
627;606;-1;2
627;609;-1;2
627;612;-1;2
627;615;-1;2
627;618;-1;2
627;621;-1;2
627;624;-1;2
627;630;-1;2
627;633;-1;2
630;606;-1;2
630;609;-1;2
630;612;-1;2
630;615;-1;2
630;618;-1;2
630;621;-1;2
630;624;-1;2
630;627;-1;2
630;633;-1;2
633;606;-1;2
633;609;-1;2
633;612;-1;2
633;615;-1;2
633;618;-1;2
633;621;-1;2
633;624;-1;2
633;627;-1;2
633;630;-1;2
726;729;-1;2
726;732;-1;2
726;735;-1;2
726;738;-1;2
726;741;-1;2
726;744;-1;2
726;747;-1;2
726;750;-1;2
726;753;-1;2
729;726;-1;2
729;732;-1;2
729;735;-1;2
729;738;-1;2
729;741;-1;2
729;744;-1;2
729;747;-1;2
729;750;-1;2
729;753;-1;2
732;726;-1;2
732;729;-1;2
732;735;-1;2
732;738;-1;2
732;741;-1;2
732;744;-1;2
732;747;-1;2
732;750;-1;2
732;753;-1;2
735;726;-1;2
735;729;-1;2
735;732;-1;2
735;738;-1;2
735;741;-1;2
735;744;-1;2
735;747;-1;2
735;750;-1;2
735;753;-1;2
738;726;-1;2
738;729;-1;2
738;732;-1;2
738;735;-1;2
738;741;-1;2
738;744;-1;2
738;747;-1;2
738;750;-1;2
738;753;-1;2
741;726;-1;2
741;729;-1;2
741;732;-1;2
741;735;-1;2
741;738;-1;2
741;744;-1;2
741;747;-1;2
741;750;-1;2
741;753;-1;2
744;726;-1;2
744;729;-1;2
744;732;-1;2
744;735;-1;2
744;738;-1;2
744;741;-1;2
744;747;-1;2
744;750;-1;2
744;753;-1;2
747;726;-1;2
747;729;-1;2
747;732;-1;2
747;735;-1;2
747;738;-1;2
747;741;-1;2
747;744;-1;2
747;750;-1;2
747;753;-1;2
750;726;-1;2
750;729;-1;2
750;732;-1;2
750;735;-1;2
750;738;-1;2
750;741;-1;2
750;744;-1;2
750;747;-1;2
750;753;-1;2
753;726;-1;2
753;729;-1;2
753;732;-1;2
753;735;-1;2
753;738;-1;2
753;741;-1;2
753;744;-1;2
753;747;-1;2
753;750;-1;2
846;849;-1;2
846;852;-1;2
846;855;-1;2
846;858;-1;2
846;861;-1;2
846;864;-1;2
846;867;-1;2
846;870;-1;2
846;873;-1;2
849;846;-1;2
849;852;-1;2
849;855;-1;2
849;858;-1;2
849;861;-1;2
849;864;-1;2
849;867;-1;2
849;870;-1;2
849;873;-1;2
852;846;-1;2
852;849;-1;2
852;855;-1;2
852;858;-1;2
852;861;-1;2
852;864;-1;2
852;867;-1;2
852;870;-1;2
852;873;-1;2
855;846;-1;2
855;849;-1;2
855;852;-1;2
855;858;-1;2
855;861;-1;2
855;864;-1;2
855;867;-1;2
855;870;-1;2
855;873;-1;2
858;846;-1;2
858;849;-1;2
858;852;-1;2
858;855;-1;2
858;861;-1;2
858;864;-1;2
858;867;-1;2
858;870;-1;2
858;873;-1;2
861;846;-1;2
861;849;-1;2
861;852;-1;2
861;855;-1;2
861;858;-1;2
861;864;-1;2
861;867;-1;2
861;870;-1;2
861;873;-1;2
864;846;-1;2
864;849;-1;2
864;852;-1;2
864;855;-1;2
864;858;-1;2
864;861;-1;2
864;867;-1;2
864;870;-1;2
864;873;-1;2
867;846;-1;2
867;849;-1;2
867;852;-1;2
867;855;-1;2
867;858;-1;2
867;861;-1;2
867;864;-1;2
867;870;-1;2
867;873;-1;2
870;846;-1;2
870;849;-1;2
870;852;-1;2
870;855;-1;2
870;858;-1;2
870;861;-1;2
870;864;-1;2
870;867;-1;2
870;873;-1;2
873;846;-1;2
873;849;-1;2
873;852;-1;2
873;855;-1;2
873;858;-1;2
873;861;-1;2
873;864;-1;2
873;867;-1;2
873;870;-1;2
966;969;-1;2
966;972;-1;2
966;975;-1;2
966;978;-1;2
966;981;-1;2
966;984;-1;2
966;987;-1;2
966;990;-1;2
966;993;-1;2
969;966;-1;2
969;972;-1;2
969;975;-1;2
969;978;-1;2
969;981;-1;2
969;984;-1;2
969;987;-1;2
969;990;-1;2
969;993;-1;2
972;966;-1;2
972;969;-1;2
972;975;-1;2
972;978;-1;2
972;981;-1;2
972;984;-1;2
972;987;-1;2
972;990;-1;2
972;993;-1;2
975;966;-1;2
975;969;-1;2
975;972;-1;2
975;978;-1;2
975;981;-1;2
975;984;-1;2
975;987;-1;2
975;990;-1;2
975;993;-1;2
978;966;-1;2
978;969;-1;2
978;972;-1;2
978;975;-1;2
978;981;-1;2
978;984;-1;2
978;987;-1;2
978;990;-1;2
978;993;-1;2
981;966;-1;2
981;969;-1;2
981;972;-1;2
981;975;-1;2
981;978;-1;2
981;984;-1;2
981;987;-1;2
981;990;-1;2
981;993;-1;2
984;966;-1;2
984;969;-1;2
984;972;-1;2
984;975;-1;2
984;978;-1;2
984;981;-1;2
984;987;-1;2
984;990;-1;2
984;993;-1;2
987;966;-1;2
987;969;-1;2
987;972;-1;2
987;975;-1;2
987;978;-1;2
987;981;-1;2
987;984;-1;2
987;990;-1;2
987;993;-1;2
990;966;-1;2
990;969;-1;2
990;972;-1;2
990;975;-1;2
990;978;-1;2
990;981;-1;2
990;984;-1;2
990;987;-1;2
990;993;-1;2
993;966;-1;2
993;969;-1;2
993;972;-1;2
993;975;-1;2
993;978;-1;2
993;981;-1;2
993;984;-1;2
993;987;-1;2
993;990;-1;2
1086;1089;-1;2
1086;1092;-1;2
1086;1095;-1;2
1086;1098;-1;2
1086;1101;-1;2
1086;1104;-1;2
1086;1107;-1;2
1086;1110;-1;2
1086;1113;-1;2
1089;1086;-1;2
1089;1092;-1;2
1089;1095;-1;2
1089;1098;-1;2
1089;1101;-1;2
1089;1104;-1;2
1089;1107;-1;2
1089;1110;-1;2
1089;1113;-1;2
1092;1086;-1;2
1092;1089;-1;2
1092;1095;-1;2
1092;1098;-1;2
1092;1101;-1;2
1092;1104;-1;2
1092;1107;-1;2
1092;1110;-1;2
1092;1113;-1;2
1095;1086;-1;2
1095;1089;-1;2
1095;1092;-1;2
1095;1098;-1;2
1095;1101;-1;2
1095;1104;-1;2
1095;1107;-1;2
1095;1110;-1;2
1095;1113;-1;2
1098;1086;-1;2
1098;1089;-1;2
1098;1092;-1;2
1098;1095;-1;2
1098;1101;-1;2
1098;1104;-1;2
1098;1107;-1;2
1098;1110;-1;2
1098;1113;-1;2
1101;1086;-1;2
1101;1089;-1;2
1101;1092;-1;2
1101;1095;-1;2
1101;1098;-1;2
1101;1104;-1;2
1101;1107;-1;2
1101;1110;-1;2
1101;1113;-1;2
1104;1086;-1;2
1104;1089;-1;2
1104;1092;-1;2
1104;1095;-1;2
1104;1098;-1;2
1104;1101;-1;2
1104;1107;-1;2
1104;1110;-1;2
1104;1113;-1;2
1107;1086;-1;2
1107;1089;-1;2
1107;1092;-1;2
1107;1095;-1;2
1107;1098;-1;2
1107;1101;-1;2
1107;1104;-1;2
1107;1110;-1;2
1107;1113;-1;2
1110;1086;-1;2
1110;1089;-1;2
1110;1092;-1;2
1110;1095;-1;2
1110;1098;-1;2
1110;1101;-1;2
1110;1104;-1;2
1110;1107;-1;2
1110;1113;-1;2
1113;1086;-1;2
1113;1089;-1;2
1113;1092;-1;2
1113;1095;-1;2
1113;1098;-1;2
1113;1101;-1;2
1113;1104;-1;2
1113;1107;-1;2
1113;1110;-1;2
1206;1209;-1;2
1206;1212;-1;2
1206;1215;-1;2
1206;1218;-1;2
1206;1221;-1;2
1206;1224;-1;2
1206;1227;-1;2
1206;1230;-1;2
1206;1233;-1;2
1209;1206;-1;2
1209;1212;-1;2
1209;1215;-1;2
1209;1218;-1;2
1209;1221;-1;2
1209;1224;-1;2
1209;1227;-1;2
1209;1230;-1;2
1209;1233;-1;2
1212;1206;-1;2
1212;1209;-1;2
1212;1215;-1;2
1212;1218;-1;2
1212;1221;-1;2
1212;1224;-1;2
1212;1227;-1;2
1212;1230;-1;2
1212;1233;-1;2
1215;1206;-1;2
1215;1209;-1;2
1215;1212;-1;2
1215;1218;-1;2
1215;1221;-1;2
1215;1224;-1;2
1215;1227;-1;2
1215;1230;-1;2
1215;1233;-1;2
1218;1206;-1;2
1218;1209;-1;2
1218;1212;-1;2
1218;1215;-1;2
1218;1221;-1;2
1218;1224;-1;2
1218;1227;-1;2
1218;1230;-1;2
1218;1233;-1;2
1221;1206;-1;2
1221;1209;-1;2
1221;1212;-1;2
1221;1215;-1;2
1221;1218;-1;2
1221;1224;-1;2
1221;1227;-1;2
1221;1230;-1;2
1221;1233;-1;2
1224;1206;-1;2
1224;1209;-1;2
1224;1212;-1;2
1224;1215;-1;2
1224;1218;-1;2
1224;1221;-1;2
1224;1227;-1;2
1224;1230;-1;2
1224;1233;-1;2
1227;1206;-1;2
1227;1209;-1;2
1227;1212;-1;2
1227;1215;-1;2
1227;1218;-1;2
1227;1221;-1;2
1227;1224;-1;2
1227;1230;-1;2
1227;1233;-1;2
1230;1206;-1;2
1230;1209;-1;2
1230;1212;-1;2
1230;1215;-1;2
1230;1218;-1;2
1230;1221;-1;2
1230;1224;-1;2
1230;1227;-1;2
1230;1233;-1;2
1233;1206;-1;2
1233;1209;-1;2
1233;1212;-1;2
1233;1215;-1;2
1233;1218;-1;2
1233;1221;-1;2
1233;1224;-1;2
1233;1227;-1;2
1233;1230;-1;2
1326;1329;-1;2
1326;1332;-1;2
1326;1335;-1;2
1326;1338;-1;2
1326;1341;-1;2
1326;1344;-1;2
1326;1347;-1;2
1326;1350;-1;2
1326;1353;-1;2
1329;1326;-1;2
1329;1332;-1;2
1329;1335;-1;2
1329;1338;-1;2
1329;1341;-1;2
1329;1344;-1;2
1329;1347;-1;2
1329;1350;-1;2
1329;1353;-1;2
1332;1326;-1;2
1332;1329;-1;2
1332;1335;-1;2
1332;1338;-1;2
1332;1341;-1;2
1332;1344;-1;2
1332;1347;-1;2
1332;1350;-1;2
1332;1353;-1;2
1335;1326;-1;2
1335;1329;-1;2
1335;1332;-1;2
1335;1338;-1;2
1335;1341;-1;2
1335;1344;-1;2
1335;1347;-1;2
1335;1350;-1;2
1335;1353;-1;2
1338;1326;-1;2
1338;1329;-1;2
1338;1332;-1;2
1338;1335;-1;2
1338;1341;-1;2
1338;1344;-1;2
1338;1347;-1;2
1338;1350;-1;2
1338;1353;-1;2
1341;1326;-1;2
1341;1329;-1;2
1341;1332;-1;2
1341;1335;-1;2
1341;1338;-1;2
1341;1344;-1;2
1341;1347;-1;2
1341;1350;-1;2
1341;1353;-1;2
1344;1326;-1;2
1344;1329;-1;2
1344;1332;-1;2
1344;1335;-1;2
1344;1338;-1;2
1344;1341;-1;2
1344;1347;-1;2
1344;1350;-1;2
1344;1353;-1;2
1347;1326;-1;2
1347;1329;-1;2
1347;1332;-1;2
1347;1335;-1;2
1347;1338;-1;2
1347;1341;-1;2
1347;1344;-1;2
1347;1350;-1;2
1347;1353;-1;2
1350;1326;-1;2
1350;1329;-1;2
1350;1332;-1;2
1350;1335;-1;2
1350;1338;-1;2
1350;1341;-1;2
1350;1344;-1;2
1350;1347;-1;2
1350;1353;-1;2
1353;1326;-1;2
1353;1329;-1;2
1353;1332;-1;2
1353;1335;-1;2
1353;1338;-1;2
1353;1341;-1;2
1353;1344;-1;2
1353;1347;-1;2
1353;1350;-1;2
1446;1449;-1;2
1446;1452;-1;2
1446;1455;-1;2
1446;1458;-1;2
1446;1461;-1;2
1446;1464;-1;2
1446;1467;-1;2
1446;1470;-1;2
1446;1473;-1;2
1449;1446;-1;2
1449;1452;-1;2
1449;1455;-1;2
1449;1458;-1;2
1449;1461;-1;2
1449;1464;-1;2
1449;1467;-1;2
1449;1470;-1;2
1449;1473;-1;2
1452;1446;-1;2
1452;1449;-1;2
1452;1455;-1;2
1452;1458;-1;2
1452;1461;-1;2
1452;1464;-1;2
1452;1467;-1;2
1452;1470;-1;2
1452;1473;-1;2
1455;1446;-1;2
1455;1449;-1;2
1455;1452;-1;2
1455;1458;-1;2
1455;1461;-1;2
1455;1464;-1;2
1455;1467;-1;2
1455;1470;-1;2
1455;1473;-1;2
1458;1446;-1;2
1458;1449;-1;2
1458;1452;-1;2
1458;1455;-1;2
1458;1461;-1;2
1458;1464;-1;2
1458;1467;-1;2
1458;1470;-1;2
1458;1473;-1;2
1461;1446;-1;2
1461;1449;-1;2
1461;1452;-1;2
1461;1455;-1;2
1461;1458;-1;2
1461;1464;-1;2
1461;1467;-1;2
1461;1470;-1;2
1461;1473;-1;2
1464;1446;-1;2
1464;1449;-1;2
1464;1452;-1;2
1464;1455;-1;2
1464;1458;-1;2
1464;1461;-1;2
1464;1467;-1;2
1464;1470;-1;2
1464;1473;-1;2
1467;1446;-1;2
1467;1449;-1;2
1467;1452;-1;2
1467;1455;-1;2
1467;1458;-1;2
1467;1461;-1;2
1467;1464;-1;2
1467;1470;-1;2
1467;1473;-1;2
1470;1446;-1;2
1470;1449;-1;2
1470;1452;-1;2
1470;1455;-1;2
1470;1458;-1;2
1470;1461;-1;2
1470;1464;-1;2
1470;1467;-1;2
1470;1473;-1;2
1473;1446;-1;2
1473;1449;-1;2
1473;1452;-1;2
1473;1455;-1;2
1473;1458;-1;2
1473;1461;-1;2
1473;1464;-1;2
1473;1467;-1;2
1473;1470;-1;2
1566;1569;-1;2
1566;1572;-1;2
1566;1575;-1;2
1566;1578;-1;2
1566;1581;-1;2
1566;1584;-1;2
1566;1587;-1;2
1566;1590;-1;2
1566;1593;-1;2
1569;1566;-1;2
1569;1572;-1;2
1569;1575;-1;2
1569;1578;-1;2
1569;1581;-1;2
1569;1584;-1;2
1569;1587;-1;2
1569;1590;-1;2
1569;1593;-1;2
1572;1566;-1;2
1572;1569;-1;2
1572;1575;-1;2
1572;1578;-1;2
1572;1581;-1;2
1572;1584;-1;2
1572;1587;-1;2
1572;1590;-1;2
1572;1593;-1;2
1575;1566;-1;2
1575;1569;-1;2
1575;1572;-1;2
1575;1578;-1;2
1575;1581;-1;2
1575;1584;-1;2
1575;1587;-1;2
1575;1590;-1;2
1575;1593;-1;2
1578;1566;-1;2
1578;1569;-1;2
1578;1572;-1;2
1578;1575;-1;2
1578;1581;-1;2
1578;1584;-1;2
1578;1587;-1;2
1578;1590;-1;2
1578;1593;-1;2
1581;1566;-1;2
1581;1569;-1;2
1581;1572;-1;2
1581;1575;-1;2
1581;1578;-1;2
1581;1584;-1;2
1581;1587;-1;2
1581;1590;-1;2
1581;1593;-1;2
1584;1566;-1;2
1584;1569;-1;2
1584;1572;-1;2
1584;1575;-1;2
1584;1578;-1;2
1584;1581;-1;2
1584;1587;-1;2
1584;1590;-1;2
1584;1593;-1;2
1587;1566;-1;2
1587;1569;-1;2
1587;1572;-1;2
1587;1575;-1;2
1587;1578;-1;2
1587;1581;-1;2
1587;1584;-1;2
1587;1590;-1;2
1587;1593;-1;2
1590;1566;-1;2
1590;1569;-1;2
1590;1572;-1;2
1590;1575;-1;2
1590;1578;-1;2
1590;1581;-1;2
1590;1584;-1;2
1590;1587;-1;2
1590;1593;-1;2
1593;1566;-1;2
1593;1569;-1;2
1593;1572;-1;2
1593;1575;-1;2
1593;1578;-1;2
1593;1581;-1;2
1593;1584;-1;2
1593;1587;-1;2
1593;1590;-1;2